position:      18.2665 16.2941 32.0254
orientation:   -0.189419 0.213288 0.0521073 0.957034
field_of_view: 0.785398
